Q1 = [0.2357 + 0.2357i;0.7071 + 0.2357i;0.2357 + 0.7071i;0.7071 + 0.7071i];
Q2 = [-0.7071 + 0.2357i;-0.2357 + 0.2357i;-0.7071 + 0.7071i;-0.2357 + 0.7071i];
Q3 = [-0.7071 - 0.7071i;-0.2357 - 0.7071i;-0.7071 - 0.2357i;-0.2357 - 0.2357i];
Q4 = [0.2357 - 0.7071i;0.7071 - 0.7071i;0.2357 - 0.2357i;0.7071 - 0.2357i];
Q = [Q1;Q2;Q3;Q4];